1:2 3 4 5 6 7 8
2:1 65 66 67 68 69 70
3:1 64 96 97 98 99 100
4:1 59 91 92 93 94 95
5:1 60 71 75 79 83 87
6:1 63 73 78 80 85 88
7:1 61 74 77 81 86 90
8:1 62 72 76 82 84 89
9:16 17 18 19 20 21 22
10:16 23 29 35 36 37 38
11:16 24 30 51 52 53 54
12:16 27 33 42 43 49 57
13:16 28 32 39 45 47 58
14:16 26 34 40 46 48 55
15:16 25 31 41 44 50 56
16:9 10 11 12 13 14 15
17:9 59 60 61 62 63 64
18:9 79 80 81 82 91 96
19:9 72 78 86 87 94 100
20:9 74 75 85 89 92 97
21:9 73 76 83 90 93 98
22:9 71 77 84 88 95 99
23:10 70 83 84 85 86 91
24:11 70 75 76 77 78 96
25:15 70 74 80 87 93 99
26:14 70 72 81 88 92 98
27:12 70 71 82 90 94 97
28:13 70 73 79 89 95 100
29:10 59 65 71 72 73 74
30:11 64 65 87 88 89 90
31:15 63 65 77 83 92 100
32:13 60 65 78 84 93 97
33:12 62 65 75 86 95 98
34:14 61 65 76 85 94 99
35:10 63 69 76 81 87 95
36:10 62 68 78 79 90 92
37:10 60 66 77 80 89 94
38:10 61 67 75 82 88 93
39:13 59 68 82 85 87 98
40:14 59 69 80 84 90 100
41:15 59 66 79 86 88 97
42:12 59 67 81 83 89 99
43:12 61 66 84 87 92 96
44:15 60 67 85 90 95 96
45:13 62 69 83 88 94 96
46:14 63 68 86 89 93 96
47:13 64 67 71 76 80 92
48:14 64 66 74 78 82 95
49:12 64 69 72 77 79 93
50:15 64 68 73 75 81 94
51:11 61 68 72 80 83 97
52:11 63 67 74 79 84 98
53:11 60 69 73 82 86 99
54:11 62 66 71 81 85 100
55:14 62 67 73 77 91 97
56:15 61 69 71 78 91 98
57:12 60 68 74 76 91 100
58:13 63 66 72 75 91 99
59:4 17 29 39 40 41 42
60:5 17 32 37 44 53 57
61:7 17 34 38 43 51 56
62:8 17 33 36 45 54 55
63:6 17 31 35 46 52 58
64:3 17 30 47 48 49 50
65:2 29 30 31 32 33 34
66:2 37 41 43 48 54 58
67:2 38 42 44 47 52 55
68:2 36 39 46 50 51 57
69:2 35 40 45 49 53 56
70:2 23 24 25 26 27 28
71:5 22 27 29 47 54 56
72:8 19 26 29 49 51 58
73:6 21 28 29 50 53 55
74:7 20 25 29 48 52 57
75:5 20 24 33 38 50 58
76:8 21 24 34 35 47 57
77:7 22 24 31 37 49 55
78:6 19 24 32 36 48 56
79:5 18 28 36 41 49 52
80:6 18 25 37 40 47 51
81:7 18 26 35 42 50 54
82:8 18 27 38 39 48 53
83:5 21 23 31 42 45 51
84:8 22 23 32 40 43 52
85:6 20 23 34 39 44 54
86:7 19 23 33 41 46 53
87:5 19 25 30 35 39 43
88:6 22 26 30 38 41 45
89:8 20 28 30 37 42 46
90:7 21 27 30 36 40 44
91:4 18 23 55 56 57 58
92:4 20 26 31 36 43 47
93:4 21 25 32 38 46 49
94:4 19 27 34 37 45 50
95:4 22 28 33 35 44 48
96:3 18 24 43 44 45 46
97:3 20 27 32 41 51 55
98:3 21 26 33 39 52 56
99:3 22 25 34 42 53 58
100:3 19 28 31 40 54 57