1:70 71 72 73 74 75 76 77 78 79 80 81 82 83 84 85 86 87 88 89 90 91 92 93 94 95 96 97 98 99 100 101 102 103 104 105 106 107 108 109 110 111 112 113 114 115 116 117 118 119 120 121 122 123 124 125 126 127 128 129 130 131 132 133 134 135 136 137 138 139 140 141 142 143 144 145 146 147 148 149 150 151 152 153 154 155 156 157 158 159 160 161 162 163 164 165 166 167 168 169 170 171
2:10 24 25 26 27 33 42 47 48 49 58 59 60 61 62 63 64 65 66 67 68 70 73 74 75 76 77 78 79 80 81 84 86 87 90 93 94 95 96 97 98 99 100 101 102 103 104 105 106 107 108 109 110 111 112 113 114 115 116 118 119 120 124 125 126 127 130 131 137 139 140 141 142 143 144 145 146 147 148 149 150 151 152 153 154 155 156 157 158 159 160 161 162 163 164 165 166 167 168 169 170 171
3:10 20 21 22 23 32 43 44 45 46 54 55 56 57 62 63 64 65 66 67 69 71 72 74 75 76 77 78 79 80 81 85 88 89 91 92 94 95 96 97 98 99 100 101 102 103 104 105 106 107 108 109 110 111 112 113 114 115 117 121 122 123 124 125 128 129 132 133 134 135 136 138 142 143 144 145 146 147 148 149 150 151 152 153 154 155 156 157 158 159 160 161 162 163 164 165 166 167 168 169 170 171
4:11 16 17 18 19 33 34 35 40 41 42 47 48 49 50 51 52 53 66 67 69 70 71 72 73 75 77 78 79 80 81 83 85 88 89 91 94 95 96 97 98 99 100 101 102 103 104 105 106 107 108 109 110 111 112 113 114 115 117 121 122 123 124 125 128 129 132 133 134 135 136 138 142 143 144 145 146 147 148 149 150 151 152 153 154 155 156 157 158 159 160 161 162 163 164 165 166 167 168 169 170 171
5:12 13 14 15 19 32 36 37 38 39 43 44 45 46 50 51 52 53 66 67 68 70 71 72 73 74 76 78 79 80 81 82 84 86 87 90 94 95 96 97 98 99 100 101 102 103 104 105 106 107 108 109 110 111 112 113 114 115 116 118 119 120 124 125 126 127 130 131 137 139 140 141 142 143 144 145 146 147 148 149 150 151 152 153 154 155 156 157 158 159 160 161 162 163 164 165 166 167 168 169 170 171
6:14 16 21 27 30 31 36 37 40 41 42 43 53 56 57 60 61 65 66 68 69 70 71 74 75 79 82 83 86 87 88 89 90 91 92 93 94 95 98 99 100 101 108 109 110 111 114 116 117 118 119 120 121 122 123 124 126 127 128 129 130 131 132 133 134 135 136 137 138 139 140 141 142 143 144 145 146 147 148 149 150 151 152 153 154 155 156 157 158 159 160 161 162 163 164 165 166 167 168 169 170 171
7:11 15 20 24 28 29 34 35 38 39 46 47 50 54 55 58 59 64 66 68 69 70 71 74 75 78 82 83 84 85 86 87 88 89 92 93 94 95 98 99 100 101 108 109 110 111 114 116 117 118 119 120 121 122 123 124 126 127 128 129 130 131 132 133 134 135 136 137 138 139 140 141 142 143 144 145 146 147 148 149 150 151 152 153 154 155 156 157 158 159 160 161 162 163 164 165 166 167 168 169 170 171
8:12 17 22 25 28 30 34 36 38 40 44 48 51 54 56 58 60 62 67 68 69 72 73 76 77 80 82 83 84 85 86 88 90 91 92 93 96 97 102 103 104 105 106 107 112 113 115 116 117 118 119 120 121 122 123 125 126 127 128 129 130 131 132 133 134 135 136 137 138 139 140 141 142 143 144 145 146 147 148 149 150 151 152 153 154 155 156 157 158 159 160 161 162 163 164 165 166 167 168 169 170 171
9:13 18 23 26 29 31 35 37 39 41 45 49 52 55 57 59 61 63 67 68 69 72 73 76 77 81 82 83 84 85 87 89 90 91 92 93 96 97 102 103 104 105 106 107 112 113 115 116 117 118 119 120 121 122 123 125 126 127 128 129 130 131 132 133 134 135 136 137 138 139 140 141 142 143 144 145 146 147 148 149 150 151 152 153 154 155 156 157 158 159 160 161 162 163 164 165 166 167 168 169 170 171
10:2 3 11 12 13 14 15 16 17 18 19 34 35 36 37 38 39 40 41 42 43 44 45 46 47 48 49 50 51 52 53 66 67 70 71 72 73 74 75 76 77 78 79 80 81 82 83 94 95 96 97 98 99 100 101 102 103 104 105 106 107 108 109 110 111 112 113 114 115 116 117 118 119 120 121 122 123 142 143 144 145 146 148 149 150 151 152 153 154 155 156 157 158 159 160 161 162 163 164 165 166 167
11:4 7 10 14 21 22 23 27 30 31 32 36 37 40 41 42 43 44 45 46 53 54 55 56 57 60 61 62 63 64 65 66 69 70 71 74 75 76 78 79 83 85 88 89 90 91 92 94 95 96 99 100 101 106 107 108 109 110 111 114 116 121 122 123 124 125 128 129 130 131 132 133 134 135 136 138 139 142 143 144 146 147 148 149 150 151 152 153 155 156 157 158 160 161 162 163 166 167 168 169 170 171
12:5 8 10 18 23 24 26 27 29 31 33 35 37 39 41 42 45 47 48 49 52 55 57 58 59 60 61 62 63 64 65 67 68 72 73 75 76 77 80 81 82 84 86 87 89 90 93 94 96 97 103 104 105 106 107 110 111 112 113 115 116 119 120 123 124 125 126 127 129 130 131 133 136 137 139 140 141 142 143 145 146 147 148 149 150 151 152 154 155 156 158 159 160 161 164 165 166 167 168 169 170 171
13:5 9 10 17 22 24 25 27 28 30 33 34 36 38 40 42 44 47 48 49 51 54 56 58 59 60 61 62 63 64 65 67 68 72 73 75 76 77 80 81 82 84 86 87 88 90 93 94 96 97 102 104 105 106 107 110 111 112 113 115 116 118 120 122 124 125 126 127 128 130 131 132 135 137 139 140 141 142 143 145 146 147 148 149 150 151 152 154 155 156 158 159 160 161 164 165 166 167 168 169 170 171
14:5 6 10 11 20 24 25 26 28 29 33 34 35 38 39 42 46 47 48 49 50 54 55 58 59 60 61 62 63 64 65 66 68 70 71 74 75 77 78 79 82 84 85 86 87 90 93 94 95 97 98 99 100 108 109 110 111 112 113 114 117 118 119 120 124 125 126 127 128 129 130 131 137 138 139 140 141 142 143 144 145 147 148 149 150 151 152 153 154 156 157 159 160 161 162 163 164 165 168 169 170 171
15:5 7 10 16 21 25 26 27 30 31 33 36 37 40 41 42 43 47 48 49 53 56 57 58 59 60 61 62 63 64 65 66 68 70 71 74 75 77 78 79 82 84 86 87 90 91 93 94 95 97 98 99 101 108 109 110 111 112 113 114 116 118 119 121 124 125 126 127 130 131 132 133 134 137 139 140 141 142 143 144 145 147 148 149 150 151 152 153 154 156 157 159 160 161 162 163 164 165 168 169 170 171
16:4 6 10 15 20 22 23 24 28 29 32 34 35 38 39 43 44 45 46 47 50 54 55 56 57 58 59 62 63 64 65 66 69 70 71 74 75 76 78 79 83 84 85 88 89 91 92 94 95 96 98 100 101 106 107 108 109 110 111 114 117 120 122 123 124 125 126 127 128 129 132 133 134 135 136 137 138 142 143 144 146 147 148 149 150 151 152 153 155 156 157 158 160 161 162 163 166 167 168 169 170 171
17:4 8 10 13 20 21 23 26 29 31 32 35 37 39 41 43 44 45 46 49 52 54 55 56 57 59 61 62 63 64 65 67 69 72 73 74 76 77 80 81 83 85 87 88 89 91 92 95 96 97 102 103 105 106 107 108 109 112 113 115 117 119 121 123 124 125 127 128 129 131 132 133 134 135 136 138 141 142 144 145 146 147 148 149 150 151 153 154 155 157 158 159 162 163 164 165 166 167 168 169 170 171
18:4 9 10 12 20 21 22 25 28 30 32 34 36 38 40 43 44 45 46 48 51 54 55 56 57 58 60 62 63 64 65 67 69 72 73 74 76 77 80 81 83 85 86 88 89 91 92 95 96 97 102 103 104 106 107 108 109 112 113 115 117 118 121 122 124 125 126 128 129 130 132 133 134 135 136 138 140 142 144 145 146 147 148 149 150 151 153 154 155 157 158 159 162 163 164 165 166 167 168 169 170 171
19:4 5 10 20 21 22 23 24 25 26 27 42 43 44 45 46 47 48 49 54 55 56 57 58 59 60 61 62 63 64 65 66 67 70 71 72 73 74 75 76 77 78 79 80 81 92 93 94 95 96 97 98 99 100 101 102 103 104 105 106 107 108 109 110 111 112 113 124 125 134 135 136 137 138 139 140 141 142 143 144 145 146 148 149 150 151 152 153 154 155 156 157 158 159 160 161 162 163 164 165 166 167
20:3 7 14 16 17 18 19 27 30 31 33 34 35 36 37 40 41 42 43 47 48 49 50 51 52 53 56 57 60 61 65 66 69 70 71 73 74 75 78 79 83 85 88 89 90 91 92 94 95 97 98 99 100 101 104 105 109 110 111 114 115 116 117 121 122 123 124 128 129 130 131 132 133 134 135 136 139 142 143 144 146 147 148 149 150 151 152 153 155 156 157 158 160 161 162 163 166 167 168 169 170 171
21:3 6 11 15 17 18 19 24 28 29 33 34 35 38 39 40 41 42 46 47 48 49 50 51 52 53 54 55 58 59 64 66 69 70 71 73 74 75 78 79 83 84 85 88 89 91 92 94 95 97 98 99 100 101 104 105 108 110 111 114 115 117 120 121 122 123 124 126 127 128 129 132 133 135 136 137 138 142 143 144 146 147 148 149 150 151 152 153 155 156 157 158 160 161 162 163 166 167 168 169 170 171
22:3 8 11 13 16 18 19 26 29 31 33 34 35 37 39 40 41 42 45 47 48 49 50 51 52 53 55 57 59 61 63 67 69 70 72 73 76 77 80 81 83 85 87 88 89 91 92 94 96 97 98 99 102 103 104 105 107 112 113 114 115 117 119 121 122 123 125 127 128 129 131 132 133 134 136 138 141 142 144 145 146 147 148 149 150 151 153 154 155 157 158 159 162 163 164 165 166 167 168 169 170 171
23:3 9 11 12 16 17 19 25 28 30 33 34 35 36 38 40 41 42 44 47 48 49 50 51 52 53 54 56 58 60 62 67 69 70 72 73 76 77 80 81 83 85 86 88 89 91 92 94 96 97 98 99 102 103 104 105 106 112 113 114 115 117 118 121 122 123 125 126 128 129 130 132 133 134 135 138 140 142 144 145 146 147 148 149 150 151 153 154 155 157 158 159 162 163 164 165 166 167 168 169 170 171
24:2 7 12 13 14 16 19 21 30 31 32 36 37 38 39 40 41 42 43 44 45 46 50 51 52 53 56 57 60 61 65 66 68 70 71 72 74 75 78 79 82 84 86 87 90 91 93 94 95 96 98 99 100 101 102 103 108 109 111 114 115 116 118 119 120 121 124 126 127 130 131 132 133 134 139 140 141 142 143 144 145 147 148 149 150 151 152 153 154 156 157 159 160 161 162 163 164 165 168 169 170 171
25:2 8 13 14 15 18 19 23 29 31 32 35 36 37 38 39 41 43 44 45 46 49 50 51 52 53 55 57 59 61 63 67 68 71 72 73 76 77 80 81 82 84 86 87 89 90 93 95 96 97 100 101 102 103 104 105 106 107 113 114 115 116 118 119 120 123 125 126 127 129 130 131 133 136 137 139 141 142 143 145 146 147 148 149 150 151 152 154 155 156 158 159 160 161 164 165 166 167 168 169 170 171
26:2 9 12 14 15 17 19 22 28 30 32 34 36 37 38 39 40 43 44 45 46 48 50 51 52 53 54 56 58 60 62 67 68 71 72 73 76 77 80 81 82 84 86 87 88 90 93 95 96 97 100 101 102 103 104 105 106 107 112 114 115 116 118 119 120 122 125 126 127 128 130 131 132 135 137 139 140 142 143 145 146 147 148 149 150 151 152 154 155 156 158 159 160 161 164 165 166 167 168 169 170 171
27:2 6 11 12 13 15 19 20 28 29 32 34 35 36 37 38 39 43 44 45 46 47 50 51 52 53 54 55 58 59 64 66 68 70 71 72 74 75 78 79 82 84 85 86 87 90 93 94 95 96 98 99 100 101 102 103 108 109 110 114 115 116 117 118 119 120 124 126 127 128 129 130 131 137 138 140 141 142 143 144 145 147 148 149 150 151 152 153 154 156 157 159 160 161 162 163 164 165 168 169 170 171
28:7 8 13 14 16 18 21 23 26 27 31 35 36 37 39 40 41 42 43 45 49 52 53 55 56 57 59 60 61 63 65 68 69 79 81 82 83 84 85 86 87 88 89 90 91 92 93 99 101 103 105 107 109 111 113 116 117 118 119 120 121 122 123 127 129 130 131 132 133 134 135 136 137 138 139 140 141 143 144 145 146 147 152 153 154 155 156 157 158 159 160 161 162 163 164 165 166 167 168 169 170 171
29:7 9 12 14 16 17 21 22 25 27 30 34 36 37 38 40 41 42 43 44 48 51 53 54 56 57 58 60 61 62 65 68 69 79 80 82 83 84 85 86 87 88 89 90 91 92 93 99 101 102 104 106 109 111 112 116 117 118 119 120 121 122 123 126 128 130 131 132 133 134 135 136 137 138 139 140 141 143 144 145 146 147 152 153 154 155 156 157 158 159 160 161 162 163 164 165 166 167 168 169 170 171
30:6 8 11 13 15 18 20 23 24 26 29 34 35 37 38 39 41 45 46 47 49 50 52 54 55 57 58 59 61 63 64 68 69 78 81 82 83 84 85 86 87 88 89 90 91 92 93 98 100 103 105 107 108 110 113 116 117 118 119 120 121 122 123 126 127 128 129 131 133 134 135 136 137 138 139 140 141 143 144 145 146 147 152 153 154 155 156 157 158 159 160 161 162 163 164 165 166 167 168 169 170 171
31:6 9 11 12 15 17 20 22 24 25 28 34 35 36 38 39 40 44 46 47 48 50 51 54 55 56 58 59 60 62 64 68 69 78 80 82 83 84 85 86 87 88 89 90 91 92 93 98 100 102 104 106 108 110 112 116 117 118 119 120 121 122 123 126 127 128 129 130 132 134 135 136 137 138 139 140 141 143 144 145 146 147 152 153 154 155 156 157 158 159 160 161 162 163 164 165 166 167 168 169 170 171
32:3 5 11 16 17 18 24 25 26 27 33 34 35 40 41 42 47 48 49 50 51 52 53 58 59 60 61 62 63 64 65 66 67 70 71 72 73 74 75 76 77 78 79 80 81 83 93 94 97 98 99 100 101 102 103 104 105 106 107 108 109 110 111 112 113 114 115 117 121 122 123 124 125 137 139 140 141 142 143 144 145 146 148 149 150 151 152 153 154 155 156 157 158 159 160 161 162 163 164 165 166 167
33:2 4 12 13 14 15 20 21 22 23 32 36 37 38 39 43 44 45 46 50 51 52 53 54 55 56 57 62 63 64 65 66 67 70 71 72 73 74 75 76 77 78 79 80 81 82 92 95 96 98 99 100 101 102 103 104 105 106 107 108 109 110 111 112 113 114 115 116 118 119 120 124 125 134 135 136 138 142 143 144 145 146 148 149 150 151 152 153 154 155 156 157 158 159 160 161 162 163 164 165 166 167
34:4 7 8 10 13 14 16 18 20 21 22 23 26 27 29 30 31 32 36 37 39 41 42 43 44 45 46 49 52 53 55 56 57 59 60 61 62 63 64 65 69 74 76 79 81 83 85 87 88 89 90 91 92 95 96 99 101 103 105 106 107 108 109 111 113 116 117 119 121 122 123 124 125 127 128 129 130 131 132 133 134 135 136 138 139 141 144 146 147 150 153 155 157 158 161 162 163 165 166 167 168 169 170 171
35:4 7 9 10 12 14 16 17 20 21 22 23 25 27 28 30 31 32 36 37 38 40 42 43 44 45 46 48 51 53 54 56 57 58 60 61 62 63 64 65 69 74 76 79 80 83 85 86 88 89 90 91 92 95 96 99 101 102 104 106 107 108 109 111 112 116 117 118 121 122 123 124 125 126 128 129 130 131 132 133 134 135 136 138 139 140 144 146 147 150 153 155 157 158 161 162 163 164 166 167 168 169 170 171
36:5 6 8 10 11 13 15 18 20 23 24 25 26 27 28 29 31 33 34 35 39 41 42 45 46 47 48 49 50 52 54 55 57 58 59 61 62 63 64 65 68 75 77 78 81 82 84 85 86 87 89 90 93 94 97 98 100 103 105 107 108 110 111 112 113 116 117 118 119 120 123 124 125 126 127 128 129 130 131 133 136 137 138 139 140 141 143 145 147 151 152 154 156 159 160 161 162 164 165 167 168 169 170 171
37:5 6 9 10 11 12 15 17 20 22 24 25 26 27 28 29 30 33 34 35 38 40 42 44 46 47 48 49 50 51 54 55 56 58 59 60 62 63 64 65 68 75 77 78 80 82 84 85 86 87 88 90 93 94 97 98 100 102 104 106 108 110 111 112 113 116 117 118 119 120 122 124 125 126 127 128 129 130 131 132 135 137 138 139 140 141 143 145 147 151 152 154 156 159 160 161 162 164 165 166 168 169 170 171
38:5 7 8 10 13 14 16 18 21 23 24 25 26 27 29 30 31 33 35 37 40 41 42 43 45 47 48 49 52 53 55 56 57 59 60 61 62 63 64 65 68 75 77 79 81 82 84 86 87 89 90 91 93 94 97 99 101 103 105 107 109 110 111 112 113 116 118 119 120 121 123 124 125 126 127 129 130 131 132 133 134 136 137 139 140 141 143 145 147 151 152 154 156 159 160 161 163 164 165 167 168 169 170 171
39:5 7 9 10 12 14 16 17 21 22 24 25 26 27 28 30 31 33 34 36 40 41 42 43 44 47 48 49 51 53 54 56 57 58 60 61 62 63 64 65 68 75 77 79 80 82 84 86 87 88 90 91 93 94 97 99 101 102 104 106 109 110 111 112 113 116 118 119 120 121 122 124 125 126 127 128 130 131 132 133 134 135 137 139 140 141 143 145 147 151 152 154 156 159 160 161 163 164 165 166 168 169 170 171
40:4 6 8 10 11 13 15 18 20 21 22 23 24 26 28 29 31 32 35 37 38 39 43 44 45 46 47 49 50 52 54 55 57 58 59 61 62 63 64 65 69 74 76 78 81 83 84 85 87 88 89 91 92 95 96 98 100 103 105 106 107 108 109 110 113 117 119 120 121 122 123 124 125 126 127 128 129 131 132 133 134 135 136 137 138 141 144 146 147 150 153 155 157 158 160 162 163 165 166 167 168 169 170 171
41:4 6 9 10 11 12 15 17 20 21 22 23 24 25 28 29 30 32 34 36 38 39 43 44 45 46 47 48 50 51 54 55 56 58 59 60 62 63 64 65 69 74 76 78 80 83 84 85 86 88 89 91 92 95 96 98 100 102 104 106 107 108 109 110 112 117 118 120 121 122 123 124 125 126 127 128 129 130 132 133 134 135 136 137 138 140 144 146 147 150 153 155 157 158 160 162 163 164 166 167 168 169 170 171
42:2 4 6 10 11 12 13 14 15 19 20 21 22 23 24 28 29 32 34 35 36 37 38 39 43 44 45 46 50 51 52 54 55 56 57 58 59 62 63 64 66 70 71 72 74 75 76 78 79 82 84 85 92 94 95 96 98 99 100 101 102 103 106 107 108 109 110 111 114 115 116 117 118 119 120 124 125 126 127 128 129 134 135 136 137 138 142 143 144 148 149 150 151 152 153 154 156 157 158 160 161 162 163 168
43:3 5 6 10 11 15 16 17 18 19 20 24 25 26 27 28 29 33 34 35 38 39 40 41 42 47 48 49 50 51 52 54 55 58 59 60 61 62 63 64 66 70 71 73 74 75 77 78 79 83 84 85 93 94 95 97 98 99 100 101 104 105 108 109 110 111 112 113 114 115 117 120 121 122 123 124 125 126 127 128 129 137 138 139 140 141 142 143 144 148 149 150 151 152 153 155 156 157 159 160 161 162 163 168
44:3 5 8 10 11 13 16 17 18 19 23 24 25 26 27 29 31 33 34 35 37 39 40 41 42 47 48 49 50 52 53 55 57 58 59 60 61 63 64 65 67 70 72 73 75 76 77 80 81 83 87 89 93 94 96 97 98 99 102 103 104 105 106 107 110 111 112 113 114 115 117 119 121 122 123 124 125 127 129 131 133 136 137 139 140 141 142 145 146 148 149 150 151 153 154 155 156 158 159 164 165 166 167 170
45:3 5 9 10 11 12 16 17 18 19 22 24 25 26 27 28 30 33 34 35 36 38 40 41 42 47 48 49 50 51 53 54 56 58 59 60 61 62 64 65 67 70 72 73 75 76 77 80 81 83 86 88 93 94 96 97 98 99 102 103 104 105 106 107 110 111 112 113 114 115 117 118 121 122 123 124 125 126 128 130 132 135 137 139 140 141 142 145 146 148 149 150 151 153 154 155 156 158 159 164 165 166 167 169
46:3 5 7 10 11 14 16 17 18 19 21 24 25 26 27 30 31 33 34 35 36 37 40 41 42 47 48 49 51 52 53 56 57 58 59 60 61 62 63 65 66 70 71 73 74 75 77 78 79 83 90 91 93 94 95 97 98 99 100 101 104 105 108 109 110 111 112 113 114 115 116 117 121 122 123 124 125 130 131 132 133 134 137 139 140 141 142 143 144 148 149 150 151 152 153 155 156 157 159 160 161 162 163 171
47:2 4 7 10 12 13 14 15 16 19 20 21 22 23 27 30 31 32 36 37 38 39 40 41 43 44 45 46 51 52 53 54 55 56 57 60 61 62 63 65 66 70 71 72 74 75 76 78 79 82 90 91 92 94 95 96 98 99 100 101 102 103 106 107 108 109 110 111 114 115 116 118 119 120 121 124 125 130 131 132 133 134 135 136 138 139 142 143 144 148 149 150 151 152 153 154 156 157 158 160 161 162 163 171
48:2 4 8 10 12 13 14 15 18 19 20 21 22 23 26 29 31 32 35 36 37 38 39 41 43 44 45 46 50 52 53 54 55 56 57 59 61 63 64 65 67 71 72 73 74 76 77 80 81 82 87 89 92 95 96 97 100 101 102 103 104 105 106 107 108 109 112 113 114 115 116 118 119 120 123 124 125 127 129 131 133 134 135 136 138 141 142 145 146 148 149 150 151 152 154 155 157 158 159 164 165 166 167 170
49:2 4 9 10 12 13 14 15 17 19 20 21 22 23 25 28 30 32 34 36 37 38 39 40 43 44 45 46 50 51 53 54 55 56 57 58 60 62 64 65 67 71 72 73 74 76 77 80 81 82 86 88 92 95 96 97 100 101 102 103 104 105 106 107 108 109 112 113 114 115 116 118 119 120 122 124 125 126 128 130 132 134 135 136 138 140 142 145 146 148 149 150 151 152 154 155 157 158 159 164 165 166 167 169
50:4 5 7 10 14 16 20 21 22 23 24 25 26 27 30 31 32 33 36 37 40 41 42 43 44 45 48 49 54 55 56 57 58 59 60 61 62 63 64 65 66 70 71 74 75 76 77 78 79 90 91 92 93 94 95 96 97 98 99 100 101 106 107 108 109 110 111 112 113 114 116 121 124 125 130 131 132 133 134 135 136 137 138 139 140 141 142 143 144 148 149 150 151 152 153 156 157 158 159 160 161 162 163 171
51:4 5 8 10 13 18 20 21 22 23 24 25 26 27 29 31 32 33 35 37 39 41 42 43 45 46 47 49 54 55 56 57 58 59 60 61 62 63 64 65 67 72 73 74 75 76 77 80 81 87 89 92 93 94 95 96 97 102 103 104 105 106 107 108 109 110 111 112 113 115 119 123 124 125 127 129 131 133 134 135 136 137 138 139 140 141 142 145 146 148 149 150 151 154 155 156 157 158 159 164 165 166 167 170
52:4 5 9 10 12 17 20 21 22 23 24 25 26 27 28 30 32 33 34 36 38 40 42 43 44 46 47 48 54 55 56 57 58 59 60 61 62 63 64 65 67 72 73 74 75 76 77 80 81 86 88 92 93 94 95 96 97 102 103 104 105 106 107 108 109 110 111 112 113 115 118 122 124 125 126 128 130 132 134 135 136 137 138 139 140 141 142 145 146 148 149 150 151 154 155 156 157 158 159 164 165 166 167 169
53:4 5 6 10 11 15 20 21 22 23 24 25 26 27 28 29 32 33 34 35 38 39 44 45 46 47 48 49 54 55 56 57 58 59 60 61 62 63 64 65 66 70 71 74 75 76 77 78 79 84 85 92 93 94 95 96 97 98 99 100 101 106 107 108 109 110 111 112 113 114 117 120 124 125 126 127 128 129 134 135 136 137 138 139 140 141 142 143 144 148 149 150 151 152 153 156 157 158 159 160 161 162 163 168
54:3 7 8 11 13 14 16 17 18 19 21 23 26 27 29 30 31 33 35 36 37 39 40 41 42 43 45 47 48 49 50 51 52 53 57 59 60 61 63 65 69 70 73 79 81 83 85 87 88 89 90 91 92 94 97 98 99 101 103 104 105 107 109 111 113 114 115 116 117 119 121 122 123 127 128 129 130 131 132 133 134 135 136 138 139 141 144 146 147 148 153 155 157 158 161 162 163 165 166 167 168 169 170 171
55:3 7 9 11 12 14 16 17 18 19 21 22 25 27 28 30 31 33 34 36 37 38 40 41 42 43 44 47 48 49 50 51 52 53 56 58 60 61 62 65 69 70 73 79 80 83 85 86 88 89 90 91 92 94 97 98 99 101 102 104 105 106 109 111 112 114 115 116 117 118 121 122 123 126 128 129 130 131 132 133 134 135 136 138 139 140 144 146 147 148 153 155 157 158 161 162 163 164 166 167 168 169 170 171
56:3 6 8 11 13 15 16 17 18 19 20 23 24 26 28 29 31 33 34 35 37 38 39 41 42 45 46 47 48 49 50 51 52 53 55 58 59 61 63 64 69 70 73 78 81 83 84 85 87 88 89 91 92 94 97 98 99 100 103 104 105 107 108 110 113 114 115 117 119 120 121 122 123 126 127 128 129 131 132 133 134 135 136 137 138 141 144 146 147 148 153 155 157 158 160 162 163 165 166 167 168 169 170 171
57:3 6 9 11 12 15 16 17 18 19 20 22 24 25 28 29 30 33 34 35 36 38 39 40 42 44 46 47 48 49 50 51 52 53 54 58 59 60 62 64 69 70 73 78 80 83 84 85 86 88 89 91 92 94 97 98 99 100 102 104 105 106 108 110 112 114 115 117 118 120 121 122 123 126 127 128 129 130 132 133 134 135 136 137 138 140 144 146 147 148 153 155 157 158 160 162 163 164 166 167 168 169 170 171
58:2 7 8 12 13 14 15 16 18 19 21 23 26 27 29 30 31 32 35 36 37 39 40 41 42 43 44 45 46 49 50 51 52 53 55 56 57 61 63 65 68 71 72 79 81 82 84 86 87 89 90 91 93 95 96 99 100 101 102 103 105 107 109 111 113 114 115 116 118 119 120 121 123 126 127 129 130 131 132 133 134 136 137 139 140 141 143 145 147 149 152 154 156 159 160 161 163 164 165 167 168 169 170 171
59:2 7 9 12 13 14 15 16 17 19 21 22 25 27 28 30 31 32 34 36 37 38 40 41 42 43 44 45 46 48 50 51 52 53 54 56 57 60 62 65 68 71 72 79 80 82 84 86 87 88 90 91 93 95 96 99 100 101 102 103 104 106 109 111 112 114 115 116 118 119 120 121 122 126 127 128 130 131 132 133 134 135 137 139 140 141 143 145 147 149 152 154 156 159 160 161 163 164 165 166 168 169 170 171
60:2 6 8 11 12 13 14 15 18 19 20 23 24 26 28 29 31 32 34 35 37 38 39 41 43 44 45 46 47 49 50 51 52 53 54 55 57 59 63 64 68 71 72 78 81 82 84 85 86 87 89 90 93 95 96 98 100 101 102 103 105 107 108 110 113 114 115 116 117 118 119 120 123 126 127 128 129 130 131 133 136 137 138 139 140 141 143 145 147 149 152 154 156 159 160 161 162 164 165 167 168 169 170 171
61:2 6 9 11 12 13 14 15 17 19 20 22 24 25 28 29 30 32 34 35 36 38 39 40 43 44 45 46 47 48 50 51 52 53 54 55 56 58 62 64 68 71 72 78 80 82 84 85 86 87 88 90 93 95 96 98 100 101 102 103 104 106 108 110 112 114 115 116 117 118 119 120 122 126 127 128 129 130 131 132 135 137 138 139 140 141 143 145 147 149 152 154 156 159 160 161 162 164 165 166 168 169 170 171
62:2 3 8 11 12 13 14 15 16 17 18 19 23 26 29 31 32 33 34 35 36 37 38 39 40 41 42 43 45 46 47 49 50 51 52 53 55 57 59 61 67 70 71 72 73 76 77 80 81 82 83 87 89 94 95 96 97 98 99 100 101 102 103 104 105 106 107 112 113 114 115 116 117 118 119 120 121 122 123 125 127 129 131 133 136 141 142 145 146 148 149 150 151 152 153 154 155 158 159 164 165 166 167 170
63:2 3 9 11 12 13 14 15 16 17 18 19 22 25 28 30 32 33 34 35 36 37 38 39 40 41 42 43 44 46 47 48 50 51 52 53 54 56 58 60 67 70 71 72 73 76 77 80 81 82 83 86 88 94 95 96 97 98 99 100 101 102 103 104 105 106 107 112 113 114 115 116 117 118 119 120 121 122 123 125 126 128 130 132 135 140 142 145 146 148 149 150 151 152 153 154 155 158 159 164 165 166 167 169
64:2 3 7 11 12 13 14 15 16 17 18 19 21 27 30 31 32 33 34 35 36 37 38 39 40 41 42 43 44 45 48 49 50 51 52 53 56 57 60 61 66 70 71 72 73 74 75 78 79 82 83 90 91 94 95 96 97 98 99 100 101 102 103 104 105 108 109 110 111 114 115 116 117 118 119 120 121 122 123 124 130 131 132 133 134 139 142 143 144 148 149 150 151 152 153 154 155 156 157 160 161 162 163 171
65:2 3 6 11 12 13 14 15 16 17 18 19 20 24 28 29 32 33 34 35 36 37 38 39 40 41 44 45 46 47 48 49 50 51 52 53 54 55 58 59 66 70 71 72 73 74 75 78 79 82 83 84 85 94 95 96 97 98 99 100 101 102 103 104 105 108 109 110 111 114 115 116 117 118 119 120 121 122 123 124 126 127 128 129 137 138 142 143 144 148 149 150 151 152 153 154 155 156 157 160 161 162 163 168
66:2 3 4 5 6 7 10 11 14 15 16 19 20 21 24 27 32 33 42 43 46 47 50 53 64 65 67 68 69 72 73 76 77 80 81 82 83 84 85 86 87 88 89 90 91 92 93 96 97 102 103 104 105 106 107 112 113 115 116 117 118 119 120 121 122 123 125 126 127 128 129 130 131 132 133 134 135 136 137 138 139 140 141 145 146 147 148 149 150 151 152 153 154 155 156 157 158 159 160 161 162 163 164 165 166 167 168 169 170 171
67:2 3 4 5 8 9 10 12 13 17 18 19 22 23 25 26 32 33 44 45 48 49 51 52 62 63 66 68 69 70 71 74 75 78 79 82 83 84 85 86 87 88 89 90 91 92 93 94 95 98 99 100 101 108 109 110 111 114 116 117 118 119 120 121 122 123 124 126 127 128 129 130 131 132 133 134 135 136 137 138 139 140 141 143 144 147 148 149 150 151 152 153 154 155 156 157 158 159 160 161 162 163 164 165 166 167 168 169 170 171
68:2 5 6 7 8 9 12 13 14 15 24 25 26 27 28 29 30 31 36 37 38 39 58 59 60 61 66 67 69 70 71 72 73 74 75 76 77 78 79 80 81 83 85 88 89 91 92 94 95 96 97 98 99 100 101 102 103 104 105 106 107 108 109 110 111 112 113 114 115 117 121 122 123 124 125 128 129 132 133 134 135 136 138 142 144 146 148 149 150 151 152 153 154 155 156 157 158 159 160 161 162 163 164 165 166 167 168 169 170 171
69:3 4 6 7 8 9 11 16 17 18 20 21 22 23 28 29 30 31 34 35 40 41 54 55 56 57 66 67 68 70 71 72 73 74 75 76 77 78 79 80 81 82 84 86 87 90 93 94 95 96 97 98 99 100 101 102 103 104 105 106 107 108 109 110 111 112 113 114 115 116 118 119 120 124 125 126 127 130 131 137 139 140 141 142 143 145 148 149 150 151 152 153 154 155 156 157 158 159 160 161 162 163 164 165 166 167 168 169 170 171
70:1 2 4 5 6 7 10 11 14 15 16 19 20 21 22 23 24 27 32 33 42 43 44 45 46 47 50 53 54 55 56 57 62 63 64 65 67 68 69 72 73 76 77 80 81 82 83 84 85 88 89 90 91 92 93 95 96 97 102 103 104 105 106 107 108 109 112 113 115 116 117 120 121 122 123 124 125 128 129 132 133 134 135 136 137 138 139 142 144 145 146 147 149 150 151 154 155 157 158 159 162 163 164 165 166 167 168 169 170 171
71:1 3 4 5 6 7 10 11 14 15 16 19 20 21 24 25 26 27 32 33 42 43 46 47 48 49 50 53 58 59 60 61 62 63 64 65 67 68 69 72 73 76 77 80 81 82 83 84 85 86 87 90 91 92 93 94 96 97 102 103 104 105 106 107 110 111 112 113 115 116 117 118 119 120 121 124 125 126 127 130 131 134 137 138 139 140 141 142 143 145 146 147 148 150 151 154 155 156 158 159 160 161 164 165 166 167 168 169 170 171
72:1 3 4 5 8 9 10 12 13 17 18 19 22 23 24 25 26 27 32 33 42 44 45 47 48 49 51 52 58 59 60 61 62 63 64 65 66 68 69 70 71 74 75 78 79 82 83 84 86 87 88 89 90 92 93 94 95 97 98 99 100 101 108 109 110 111 112 113 114 116 118 119 120 122 123 124 125 126 127 130 131 135 136 137 139 140 141 142 143 144 145 147 148 150 151 152 153 156 157 159 160 161 162 163 164 165 168 169 170 171
73:1 2 4 5 8 9 10 12 13 17 18 19 20 21 22 23 25 26 32 33 43 44 45 46 48 49 51 52 54 55 56 57 62 63 64 65 66 68 69 70 71 74 75 78 79 82 83 85 86 87 88 89 91 92 93 94 95 96 98 99 100 101 106 107 108 109 110 111 114 117 118 119 121 122 123 124 125 128 129 132 133 134 135 136 138 140 141 142 143 144 146 147 149 150 151 152 153 156 157 158 160 161 162 163 166 167 168 169 170 171
74:1 2 3 5 6 7 10 11 14 15 16 17 18 19 20 21 24 27 32 33 34 35 40 41 42 43 46 47 48 49 50 51 52 53 64 65 67 68 69 72 73 76 77 80 81 82 83 84 85 88 89 90 91 92 93 94 96 97 98 99 102 103 104 105 106 107 112 113 114 115 116 117 120 121 122 123 125 128 129 132 133 134 135 136 137 138 139 142 144 145 146 147 148 149 151 153 154 155 158 159 162 163 164 165 166 167 168 169 170 171
75:1 2 3 4 6 7 10 11 12 13 14 15 16 19 20 21 24 27 32 33 36 37 38 39 42 43 44 45 46 47 50 51 52 53 64 65 67 68 69 72 73 76 77 80 81 82 83 84 85 86 87 90 91 92 93 95 96 97 100 101 102 103 104 105 106 107 112 113 114 115 116 117 118 119 120 121 125 126 127 130 131 134 137 138 139 140 141 142 143 145 146 147 148 149 150 152 154 155 158 159 160 161 164 165 166 167 168 169 170 171
76:1 2 3 5 8 9 10 11 12 13 16 17 18 19 22 23 25 26 32 33 34 35 40 41 42 44 45 47 48 49 50 51 52 53 62 63 66 68 69 70 71 74 75 78 79 82 83 85 86 87 88 89 91 92 93 94 95 97 98 99 100 101 104 105 108 109 110 111 114 115 117 118 119 121 122 123 124 128 129 132 133 134 135 136 138 140 141 142 143 144 146 147 148 149 151 152 153 155 156 157 160 161 162 163 166 167 168 169 170 171
77:1 2 3 4 8 9 10 12 13 14 15 17 18 19 22 23 25 26 32 33 36 37 38 39 43 44 45 46 48 49 50 51 52 53 62 63 66 68 69 70 71 74 75 78 79 82 83 84 86 87 88 89 90 92 93 94 95 96 98 99 100 101 102 103 108 109 110 111 114 115 116 118 119 120 122 123 124 126 127 130 131 135 136 137 139 140 141 142 143 144 145 147 148 149 150 152 153 154 156 157 160 161 162 163 164 165 168 169 170 171
78:1 2 3 4 5 7 10 11 14 15 16 19 20 21 24 27 30 31 32 33 36 37 40 41 42 43 46 47 50 53 56 57 60 61 64 65 67 68 69 72 73 76 77 82 83 84 85 86 87 88 89 90 91 92 93 96 97 99 101 109 111 115 116 117 118 119 120 121 122 123 125 126 127 128 129 130 131 132 133 134 135 136 137 138 139 140 141 143 144 145 146 147 152 153 154 155 156 157 158 159 161 163 164 165 166 167 168 169 170 171
79:1 2 3 4 5 6 10 11 14 15 16 19 20 21 24 27 28 29 32 33 34 35 38 39 42 43 46 47 50 53 54 55 58 59 64 65 67 68 69 72 73 76 77 82 83 84 85 86 87 88 89 90 91 92 93 96 97 98 100 108 110 115 116 117 118 119 120 121 122 123 125 126 127 128 129 130 131 132 133 134 135 136 137 138 139 140 141 143 144 145 146 147 152 153 154 155 156 157 158 159 160 162 164 165 166 167 168 169 170 171
80:1 2 3 4 5 8 10 12 13 17 18 19 22 23 25 26 29 31 32 33 35 37 39 41 44 45 48 49 51 52 55 57 59 61 62 63 66 68 69 70 71 74 75 82 83 84 85 86 87 88 89 90 91 92 93 94 95 103 105 107 113 114 116 117 118 119 120 121 122 123 124 126 127 128 129 130 131 132 133 134 135 136 137 138 139 140 141 143 144 145 146 147 152 153 154 155 156 157 158 159 160 161 162 163 165 167 168 169 170 171
81:1 2 3 4 5 9 10 12 13 17 18 19 22 23 25 26 28 30 32 33 34 36 38 40 44 45 48 49 51 52 54 56 58 60 62 63 66 68 69 70 71 74 75 82 83 84 85 86 87 88 89 90 91 92 93 94 95 102 104 106 112 114 116 117 118 119 120 121 122 123 124 126 127 128 129 130 131 132 133 134 135 136 137 138 139 140 141 143 144 145 146 147 152 153 154 155 156 157 158 159 160 161 162 163 164 166 168 169 170 171
82:1 5 6 7 8 9 10 12 13 14 15 24 25 26 27 28 29 30 31 33 36 37 38 39 42 47 48 49 58 59 60 61 62 63 64 65 66 67 69 70 71 72 73 74 75 76 77 78 79 80 81 85 88 89 91 94 95 96 97 98 99 100 101 102 103 104 105 106 107 108 109 110 111 112 113 114 115 124 125 128 129 132 133 137 139 140 141 142 143 144 145 146 148 149 150 151 153 155 156 157 158 159 160 161 162 163 164 165 166 167
83:1 4 6 7 8 9 10 11 16 17 18 20 21 22 23 28 29 30 31 32 34 35 40 41 43 44 45 46 54 55 56 57 62 63 64 65 66 67 68 70 71 72 73 74 75 76 77 78 79 80 81 84 86 87 90 94 95 96 97 98 99 100 101 102 103 104 105 106 107 108 109 110 111 112 113 114 115 124 125 126 127 130 131 134 135 136 138 142 143 144 145 146 148 149 150 151 152 154 156 157 158 159 160 161 162 163 164 165 166 167
84:1 2 5 7 8 9 12 13 14 15 16 21 24 25 26 27 28 29 30 31 36 37 38 39 40 41 42 43 53 56 57 58 59 60 61 65 66 67 69 70 71 72 74 75 77 78 79 80 81 83 85 88 89 91 92 94 95 98 99 100 101 102 103 108 109 110 111 112 113 114 116 117 121 122 123 124 128 129 130 131 132 133 134 135 136 138 139 142 143 144 146 147 148 149 150 151 152 153 155 156 157 158 161 162 163 166 167 169 170 171
85:1 3 4 7 8 9 11 14 16 17 18 20 21 22 23 27 28 29 30 31 34 35 36 37 40 41 42 43 53 54 55 56 57 60 61 65 66 67 68 70 71 73 74 75 76 78 79 80 81 82 84 86 87 90 93 94 95 98 99 100 101 104 105 106 107 108 109 110 111 114 116 118 119 120 121 124 126 127 130 131 132 133 134 137 139 140 141 142 143 144 145 147 148 149 150 151 152 153 154 156 157 159 160 161 163 164 165 169 170 171
86:1 2 5 6 7 8 12 13 14 15 18 23 24 25 26 27 28 29 30 31 35 36 37 38 39 41 45 49 52 55 57 58 59 60 61 63 66 67 69 71 72 73 75 76 77 78 79 80 81 83 85 88 89 91 92 96 97 100 101 102 103 104 105 106 107 110 111 112 113 115 117 119 121 122 123 125 127 128 129 131 132 133 134 135 136 138 141 142 144 145 146 147 148 149 150 151 153 154 155 157 158 159 162 163 165 166 167 168 170 171
87:1 2 5 6 7 9 12 13 14 15 17 22 24 25 26 27 28 29 30 31 34 36 37 38 39 40 44 48 51 54 56 58 59 60 61 62 66 67 69 71 72 73 75 76 77 78 79 80 81 83 85 88 89 91 92 96 97 100 101 102 103 104 105 106 107 110 111 112 113 115 117 118 121 122 123 125 126 128 129 130 132 133 134 135 136 138 140 142 144 145 146 147 148 149 150 151 153 154 155 157 158 159 162 163 164 166 167 168 169 171
88:1 3 4 6 7 8 11 13 16 17 18 20 21 22 23 26 28 29 30 31 34 35 37 39 40 41 45 49 52 54 55 56 57 59 61 63 66 67 68 70 72 73 74 76 77 78 79 80 81 82 84 86 87 90 93 96 97 98 99 102 103 104 105 106 107 108 109 112 113 115 116 118 119 120 123 125 126 127 129 130 131 133 136 137 139 140 141 142 143 145 146 147 148 149 150 151 152 154 155 156 158 159 160 161 164 165 167 168 170 171
89:1 3 4 6 7 9 11 12 16 17 18 20 21 22 23 25 28 29 30 31 34 35 36 38 40 41 44 48 51 54 55 56 57 58 60 62 66 67 68 70 72 73 74 76 77 78 79 80 81 82 84 86 87 90 93 96 97 98 99 102 103 104 105 106 107 108 109 112 113 115 116 118 119 120 122 125 126 127 128 130 131 132 135 137 139 140 141 142 143 145 146 147 148 149 150 151 152 154 155 156 158 159 160 161 164 165 166 168 169 171
90:1 2 5 6 8 9 11 12 13 14 15 20 24 25 26 27 28 29 30 31 34 35 36 37 38 39 46 47 50 54 55 58 59 60 61 64 66 67 69 70 71 72 74 75 77 78 79 80 81 83 85 88 89 91 92 94 95 98 99 100 101 102 103 108 109 110 111 112 113 114 117 120 121 122 123 124 126 127 128 129 132 133 134 135 136 137 138 142 143 144 146 147 148 149 150 151 152 153 155 156 157 158 160 162 163 166 167 168 169 170
91:1 3 4 6 8 9 11 15 16 17 18 20 21 22 23 24 28 29 30 31 34 35 38 39 40 41 46 47 50 54 55 56 57 58 59 64 66 67 68 70 71 73 74 75 76 78 79 80 81 82 84 86 87 90 93 94 95 98 99 100 101 104 105 106 107 108 109 110 111 114 116 117 118 119 120 124 126 127 128 129 130 131 137 138 139 140 141 142 143 144 145 147 148 149 150 151 152 153 154 156 157 159 160 161 162 164 165 168 169 170
92:1 3 6 7 8 9 11 16 17 18 19 20 21 22 23 28 29 30 31 33 34 35 40 41 42 47 48 49 50 51 52 53 54 55 56 57 66 67 68 70 71 72 73 74 75 76 77 78 79 80 81 84 86 87 90 94 95 96 97 98 99 100 101 102 103 104 105 106 107 108 109 110 111 112 113 114 115 117 121 122 123 124 125 126 127 130 131 142 143 144 145 146 148 149 150 151 152 153 154 155 156 159 160 161 162 163 164 165 166 167
93:1 2 6 7 8 9 12 13 14 15 19 24 25 26 27 28 29 30 31 32 36 37 38 39 43 44 45 46 50 51 52 53 58 59 60 61 66 67 69 70 71 72 73 74 75 76 77 78 79 80 81 85 88 89 91 94 95 96 97 98 99 100 101 102 103 104 105 106 107 108 109 110 111 112 113 114 115 116 118 119 120 124 125 128 129 132 133 142 143 144 145 146 148 149 150 151 152 153 154 155 157 158 160 161 162 163 164 165 166 167
94:1 2 3 4 5 6 7 10 11 12 13 14 15 16 19 20 21 22 23 24 27 32 36 37 38 39 42 43 44 45 46 47 50 51 52 53 54 55 56 57 62 63 64 65 67 68 69 71 72 73 74 76 77 80 81 82 83 84 85 90 91 92 93 95 96 97 100 101 102 103 104 105 106 107 108 109 112 113 115 116 117 118 119 120 121 125 134 135 136 137 138 139 142 145 146 147 148 149 150 151 152 154 155 157 158 159 164 165 166 167 168 171
95:1 2 3 4 5 6 7 10 11 14 15 16 17 18 19 20 21 24 25 26 27 33 34 35 40 41 42 43 46 47 48 49 50 51 52 53 58 59 60 61 62 63 64 65 67 68 69 70 72 73 75 76 77 80 81 82 83 84 85 90 91 92 93 94 96 97 98 99 102 103 104 105 106 107 110 111 112 113 115 116 117 120 121 122 123 125 134 137 138 139 140 141 142 145 146 147 148 149 150 151 153 154 155 156 158 159 164 165 166 167 168 171
96:1 2 3 4 5 8 9 10 11 12 13 16 17 18 19 22 23 24 25 26 27 33 34 35 40 41 42 44 45 47 48 49 50 51 52 53 58 59 60 61 62 63 64 65 66 68 69 70 71 73 74 75 77 78 79 82 83 86 87 88 89 92 93 94 95 97 98 99 100 101 104 105 108 109 110 111 112 113 114 117 118 119 121 122 123 124 135 136 137 139 140 141 142 143 144 147 148 149 150 151 152 153 155 156 157 159 160 161 162 163 169 170
97:1 2 3 4 5 8 9 10 12 13 14 15 17 18 19 20 21 22 23 25 26 32 36 37 38 39 43 44 45 46 48 49 50 51 52 53 54 55 56 57 62 63 64 65 66 68 69 70 71 72 74 75 76 78 79 82 83 86 87 88 89 92 93 94 95 96 98 99 100 101 102 103 106 107 108 109 110 111 114 116 118 119 120 122 123 124 134 135 136 138 140 141 142 143 144 147 148 149 150 151 152 153 154 156 157 158 160 161 162 163 169 170
98:1 2 3 4 5 6 7 10 14 15 16 19 20 21 22 23 24 27 30 31 32 33 36 37 40 41 42 43 44 45 46 47 50 53 54 55 56 57 60 61 62 63 64 65 67 68 69 72 73 74 76 77 79 82 83 84 85 88 89 90 91 92 93 95 96 97 101 106 107 109 111 115 116 117 120 121 122 123 124 125 128 129 130 131 132 133 134 135 136 137 138 139 144 145 146 147 150 153 154 155 157 158 159 161 162 163 166 167 168 169 170 171
99:1 2 3 4 5 6 7 10 11 14 15 19 20 21 22 23 24 27 28 29 32 33 34 35 38 39 42 43 44 45 46 47 50 53 54 55 56 57 58 59 62 63 64 65 67 68 69 72 73 74 76 77 78 82 83 84 85 88 89 90 91 92 93 95 96 97 100 106 107 108 110 115 116 117 120 121 122 123 124 125 126 127 128 129 132 133 134 135 136 137 138 139 144 145 146 147 150 153 154 155 157 158 159 160 162 163 166 167 168 169 170 171
100:1 2 3 4 5 6 7 10 11 14 16 19 20 21 24 25 26 27 30 31 32 33 36 37 40 41 42 43 46 47 48 49 50 53 56 57 58 59 60 61 62 63 64 65 67 68 69 72 73 75 76 77 79 82 83 84 85 86 87 90 91 92 93 94 96 97 99 109 111 112 113 115 116 117 118 119 120 121 124 125 126 127 130 131 132 133 134 137 138 139 140 141 143 145 146 147 151 152 154 155 156 158 159 160 161 163 164 165 168 169 170 171
101:1 2 3 4 5 6 7 10 11 15 16 19 20 21 24 25 26 27 28 29 32 33 34 35 38 39 42 43 46 47 48 49 50 53 54 55 58 59 60 61 62 63 64 65 67 68 69 72 73 75 76 77 78 82 83 84 85 86 87 90 91 92 93 94 96 97 98 108 110 112 113 115 116 117 118 119 120 121 124 125 126 127 128 129 130 131 134 137 138 139 140 141 143 145 146 147 151 152 154 155 156 158 159 160 161 162 164 165 168 169 170 171
102:1 2 3 4 5 8 9 10 13 17 18 19 22 23 24 25 26 27 29 31 32 33 35 37 39 41 42 44 45 47 48 49 51 52 55 57 58 59 60 61 62 63 64 65 66 68 69 70 71 74 75 77 81 82 83 84 86 87 88 89 90 92 93 94 95 97 105 107 110 111 113 114 116 118 119 120 122 123 124 125 126 127 129 130 131 133 135 136 137 139 140 141 143 144 145 147 151 152 153 154 156 157 159 160 161 164 165 167 168 169 170 171
103:1 2 3 4 5 8 9 10 12 17 18 19 22 23 24 25 26 27 28 30 32 33 34 36 38 40 42 44 45 47 48 49 51 52 54 56 58 59 60 61 62 63 64 65 66 68 69 70 71 74 75 77 80 82 83 84 86 87 88 89 90 92 93 94 95 97 104 106 110 111 112 114 116 118 119 120 122 123 124 125 126 127 128 130 131 132 135 136 137 139 140 141 143 144 145 147 151 152 153 154 156 157 159 160 161 164 165 166 168 169 170 171
104:1 2 3 4 5 8 9 10 12 13 18 19 20 21 22 23 25 26 29 31 32 33 35 37 39 41 43 44 45 46 48 49 51 52 54 55 56 57 59 61 62 63 64 65 66 68 69 70 71 74 75 76 81 82 83 85 86 87 88 89 91 92 93 94 95 96 103 107 108 109 113 114 117 118 119 121 122 123 124 125 127 128 129 131 132 133 134 135 136 138 140 141 143 144 146 147 150 152 153 155 156 157 158 162 163 165 166 167 168 169 170 171
105:1 2 3 4 5 8 9 10 12 13 17 19 20 21 22 23 25 26 28 30 32 33 34 36 38 40 43 44 45 46 48 49 51 52 54 55 56 57 58 60 62 63 64 65 66 68 69 70 71 74 75 76 80 82 83 85 86 87 88 89 91 92 93 94 95 96 102 106 108 109 112 114 117 118 119 121 122 123 124 125 126 128 129 130 132 133 134 135 136 138 140 141 143 144 146 147 150 152 153 155 156 157 158 162 163 164 166 167 168 169 170 171
106:1 2 3 4 5 8 9 10 11 12 13 16 17 18 19 23 25 26 29 31 32 33 34 35 37 39 40 41 42 44 45 47 48 49 50 51 52 53 55 57 59 61 62 63 66 68 69 70 71 73 74 75 81 82 83 85 86 87 88 89 91 92 93 94 95 97 98 99 103 105 113 114 115 117 118 119 121 122 123 124 127 128 129 131 132 133 134 135 136 138 140 141 143 144 146 147 148 152 153 155 156 157 158 162 163 165 166 167 168 169 170 171
107:1 2 3 4 5 8 9 10 11 12 13 16 17 18 19 22 25 26 28 30 32 33 34 35 36 38 40 41 42 44 45 47 48 49 50 51 52 53 54 56 58 60 62 63 66 68 69 70 71 73 74 75 80 82 83 85 86 87 88 89 91 92 93 94 95 97 98 99 102 104 112 114 115 117 118 119 121 122 123 124 126 128 129 130 132 133 134 135 136 138 140 141 143 144 146 147 148 152 153 155 156 157 158 162 163 164 166 167 168 169 170 171
108:1 2 3 4 5 6 7 10 11 14 15 16 17 18 19 21 24 27 30 31 32 33 34 35 36 37 40 41 42 43 46 47 48 49 50 51 52 53 56 57 60 61 64 65 67 68 69 70 72 73 76 77 79 82 83 84 85 88 89 90 91 92 93 94 96 97 99 101 104 105 111 114 115 116 117 120 121 122 123 125 128 129 130 131 132 133 134 135 136 137 138 139 144 145 146 147 148 153 154 155 157 158 159 161 162 163 166 167 168 169 170 171
109:1 2 3 4 5 6 7 10 11 14 15 16 17 18 19 20 24 27 28 29 32 33 34 35 38 39 40 41 42 43 46 47 48 49 50 51 52 53 54 55 58 59 64 65 67 68 69 70 72 73 76 77 78 82 83 84 85 88 89 90 91 92 93 94 96 97 98 100 104 105 110 114 115 116 117 120 121 122 123 125 126 127 128 129 132 133 134 135 136 137 138 139 144 145 146 147 148 153 154 155 157 158 159 160 162 163 166 167 168 169 170 171
110:1 2 3 4 5 6 7 10 11 12 13 14 15 16 19 20 21 27 30 31 32 33 36 37 38 39 40 41 42 43 44 45 46 47 50 51 52 53 56 57 60 61 64 65 67 68 69 71 72 73 76 77 79 82 83 84 85 86 87 90 91 92 93 95 96 97 99 101 102 103 109 114 115 116 117 118 119 120 121 125 126 127 130 131 132 133 134 137 138 139 140 141 143 145 146 147 149 152 154 155 156 158 159 160 161 163 164 165 168 169 170 171
111:1 2 3 4 5 6 7 10 11 12 13 14 15 16 19 20 21 24 28 29 32 33 34 35 36 37 38 39 42 43 44 45 46 47 50 51 52 53 54 55 58 59 64 65 67 68 69 71 72 73 76 77 78 82 83 84 85 86 87 90 91 92 93 95 96 97 98 100 102 103 108 114 115 116 117 118 119 120 121 125 126 127 128 129 130 131 134 137 138 139 140 141 143 145 146 147 149 152 154 155 156 158 159 160 161 162 164 165 168 169 170 171
112:1 2 3 4 5 8 9 10 12 13 14 15 17 18 19 22 23 26 29 31 32 33 35 36 37 38 39 41 43 44 45 46 48 49 50 51 52 53 55 57 59 61 62 63 66 68 69 70 71 72 74 75 81 82 83 84 86 87 88 89 90 92 93 94 95 96 100 101 103 105 107 114 115 116 118 119 120 122 123 124 126 127 129 130 131 133 135 136 137 139 140 141 143 144 145 147 149 152 153 154 156 157 159 160 161 164 165 167 168 169 170 171
113:1 2 3 4 5 8 9 10 12 13 14 15 17 18 19 22 23 25 28 30 32 33 34 36 37 38 39 40 43 44 45 46 48 49 50 51 52 53 54 56 58 60 62 63 66 68 69 70 71 72 74 75 80 82 83 84 86 87 88 89 90 92 93 94 95 96 100 101 102 104 106 114 115 116 118 119 120 122 123 124 126 127 128 130 131 132 135 136 137 139 140 141 143 144 145 147 149 152 153 154 156 157 159 160 161 164 165 166 168 169 170 171
114:1 2 3 4 5 6 7 10 11 14 15 16 20 21 22 23 24 25 26 27 32 33 42 43 44 45 46 47 48 49 50 53 54 55 56 57 58 59 60 61 62 63 64 65 67 68 69 72 73 74 75 76 77 80 81 82 83 84 85 90 91 92 93 96 97 102 103 104 105 106 107 108 109 110 111 112 113 115 116 117 120 121 124 125 134 135 136 137 138 139 140 141 142 145 146 147 148 149 150 151 154 155 156 157 158 159 164 165 166 167 168 171
115:1 2 3 4 5 8 9 10 12 13 17 18 20 21 22 23 24 25 26 27 32 33 42 43 44 45 46 47 48 49 51 52 54 55 56 57 58 59 60 61 62 63 64 65 66 68 69 70 71 74 75 76 77 78 79 82 83 86 87 88 89 92 93 94 95 98 99 100 101 106 107 108 109 110 111 112 113 114 118 119 122 123 124 125 134 135 136 137 138 139 140 141 142 143 144 147 148 149 150 151 152 153 156 157 158 159 160 161 162 163 169 170
116:1 2 5 6 7 8 9 10 11 12 13 15 20 24 25 26 27 28 29 30 31 33 34 35 36 37 38 39 42 46 47 48 49 50 54 55 58 59 60 61 62 63 64 65 66 67 69 70 71 72 74 75 77 78 79 80 81 84 85 88 89 91 93 94 95 97 98 99 100 101 102 103 108 109 110 111 112 113 114 117 124 125 126 127 128 129 132 133 137 138 140 141 142 143 144 146 148 149 150 151 152 153 156 157 159 160 161 162 163 166 167 168
117:1 3 4 6 7 8 9 10 14 16 17 18 20 21 22 23 27 28 29 30 31 32 34 35 36 37 40 41 42 43 44 45 46 53 54 55 56 57 60 61 62 63 64 65 66 67 68 70 71 73 74 75 76 78 79 80 81 84 86 87 90 91 92 94 95 96 98 99 100 101 104 105 106 107 108 109 110 111 114 116 124 125 126 127 130 131 132 133 134 135 136 139 142 143 144 145 148 149 150 151 152 153 156 157 158 160 161 162 163 164 165 171
118:1 2 5 6 7 8 9 10 13 14 15 18 23 24 25 26 27 28 29 30 31 33 35 36 37 38 39 41 42 45 47 48 49 52 55 57 58 59 60 61 62 63 64 65 66 67 69 71 72 73 75 76 77 78 79 80 81 85 87 88 89 91 93 94 96 97 100 101 102 103 104 105 106 107 110 111 112 113 115 123 124 125 127 128 129 131 132 133 136 137 139 141 142 144 145 146 148 149 150 151 154 155 156 158 159 162 163 164 165 166 167 170
119:1 2 5 6 7 8 9 10 12 14 15 17 22 24 25 26 27 28 29 30 31 33 34 36 37 38 39 40 42 44 47 48 49 51 54 56 58 59 60 61 62 63 64 65 66 67 69 71 72 73 75 76 77 78 79 80 81 85 86 88 89 91 93 94 96 97 100 101 102 103 104 105 106 107 110 111 112 113 115 122 124 125 126 128 129 130 132 133 135 137 139 140 142 144 145 146 148 149 150 151 154 155 156 158 159 162 163 164 165 166 167 169
120:1 2 5 6 7 8 9 10 12 13 14 16 21 24 25 26 27 28 29 30 31 33 36 37 38 39 40 41 42 43 47 48 49 53 56 57 58 59 60 61 62 63 64 65 66 67 69 70 71 72 74 75 77 78 79 80 81 85 88 89 90 91 93 94 95 97 98 99 100 101 102 103 108 109 110 111 112 113 114 121 124 125 128 129 130 131 132 133 134 139 140 141 142 143 144 146 148 149 150 151 152 153 156 157 159 160 161 162 163 166 167 171
121:1 3 4 6 7 8 9 10 11 15 17 18 20 21 22 23 24 28 29 30 31 32 34 35 38 39 40 41 43 44 45 46 47 50 54 55 56 57 58 59 62 63 64 65 66 67 68 70 71 73 74 75 76 78 79 80 81 84 85 86 87 90 92 94 95 96 98 99 100 101 104 105 106 107 108 109 110 111 114 120 124 125 126 127 128 129 130 131 135 136 137 138 142 143 144 145 148 149 150 151 152 153 156 157 158 160 161 162 163 164 165 168
122:1 3 4 6 7 8 9 10 11 13 16 18 20 21 22 23 26 28 29 30 31 32 34 35 37 39 40 41 43 44 45 46 49 52 54 55 56 57 59 61 62 63 64 65 66 67 68 70 72 73 74 76 77 78 79 80 81 84 86 87 89 90 92 95 96 97 98 99 102 103 104 105 106 107 108 109 112 113 115 119 124 125 126 127 129 130 131 133 134 136 138 141 142 143 145 146 148 149 150 151 154 155 157 158 159 160 161 164 165 166 167 170
123:1 3 4 6 7 8 9 10 11 12 16 17 20 21 22 23 25 28 29 30 31 32 34 35 36 38 40 41 43 44 45 46 48 51 54 55 56 57 58 60 62 63 64 65 66 67 68 70 72 73 74 76 77 78 79 80 81 84 86 87 88 90 92 95 96 97 98 99 102 103 104 105 106 107 108 109 112 113 115 118 124 125 126 127 128 130 131 132 134 135 138 140 142 143 145 146 148 149 150 151 154 155 157 158 159 160 161 164 165 166 167 169
124:1 2 3 4 5 6 7 11 12 13 14 15 16 17 18 19 20 21 24 27 32 33 34 35 36 37 38 39 40 41 42 43 44 45 46 47 48 49 50 51 52 53 64 65 67 68 69 70 71 72 73 76 77 80 81 82 83 84 85 90 91 92 93 96 97 98 99 100 101 102 103 104 105 106 107 112 113 114 115 116 117 118 119 120 121 122 123 125 134 137 138 139 142 145 146 147 148 149 150 151 152 153 154 155 158 159 164 165 166 167 168 171
125:1 2 3 4 5 8 9 11 12 13 14 15 16 17 18 19 22 23 25 26 32 33 34 35 36 37 38 39 40 41 42 43 44 45 46 47 48 49 50 51 52 53 62 63 66 68 69 70 71 72 73 74 75 78 79 82 83 86 87 88 89 92 93 94 95 98 99 100 101 102 103 104 105 108 109 110 111 114 115 116 117 118 119 120 121 122 123 124 135 136 140 141 142 143 144 147 148 149 150 151 152 153 154 155 156 157 160 161 162 163 169 170
126:1 2 5 6 7 8 9 12 13 14 15 16 18 21 23 24 25 26 27 29 30 31 35 36 37 38 39 40 41 42 43 45 49 52 53 55 56 57 58 59 60 61 63 65 66 67 69 71 72 75 77 78 79 80 81 83 85 87 88 89 90 91 92 99 100 101 102 103 105 107 109 110 111 112 113 116 117 119 121 122 123 128 129 131 132 133 134 135 136 138 139 141 142 144 146 147 149 151 153 155 157 158 161 162 163 165 166 167 168 169 170 171
127:1 2 5 6 7 8 9 12 13 14 15 16 17 21 22 24 25 26 27 28 30 31 34 36 37 38 39 40 41 42 43 44 48 51 53 54 56 57 58 59 60 61 62 65 66 67 69 71 72 75 77 78 79 80 81 83 85 86 88 89 90 91 92 99 100 101 102 103 104 106 109 110 111 112 113 116 117 118 121 122 123 128 129 130 132 133 134 135 136 138 139 140 142 144 146 147 149 151 153 155 157 158 161 162 163 164 166 167 168 169 170 171
128:1 3 4 6 7 8 9 11 13 14 16 17 18 20 21 22 23 26 27 29 30 31 34 35 36 37 39 40 41 42 43 45 49 52 53 54 55 56 57 59 60 61 63 65 66 67 68 70 73 74 76 78 79 80 81 82 84 86 87 89 90 91 93 98 99 101 103 104 105 106 107 108 109 111 113 116 118 119 120 121 123 126 127 130 131 133 134 136 137 139 140 141 142 143 145 147 148 150 152 154 156 159 160 161 163 164 165 167 168 169 170 171
129:1 3 4 6 7 8 9 11 12 14 16 17 18 20 21 22 23 25 27 28 30 31 34 35 36 37 38 40 41 42 43 44 48 51 53 54 55 56 57 58 60 61 62 65 66 67 68 70 73 74 76 78 79 80 81 82 84 86 87 88 90 91 93 98 99 101 102 104 105 106 107 108 109 111 112 116 118 119 120 121 122 126 127 130 131 132 134 135 137 139 140 141 142 143 145 147 148 150 152 154 156 159 160 161 163 164 165 166 168 169 170 171
130:1 2 5 6 7 8 9 11 12 13 14 15 18 20 23 24 25 26 27 28 29 31 34 35 36 37 38 39 41 45 46 47 49 50 52 54 55 57 58 59 60 61 63 64 66 67 69 71 72 75 77 78 79 80 81 83 84 85 87 88 89 91 92 98 100 101 102 103 105 107 108 110 111 112 113 117 119 120 121 122 123 127 128 129 132 133 134 135 136 137 138 141 142 144 146 147 149 151 153 155 157 158 160 162 163 165 166 167 168 169 170 171
131:1 2 5 6 7 8 9 11 12 13 14 15 17 20 22 24 25 26 27 28 29 30 34 35 36 37 38 39 40 44 46 47 48 50 51 54 55 56 58 59 60 61 62 64 66 67 69 71 72 75 77 78 79 80 81 83 84 85 86 88 89 91 92 98 100 101 102 103 104 106 108 110 111 112 113 117 118 120 121 122 123 126 128 129 132 133 134 135 136 137 138 140 142 144 146 147 149 151 153 155 157 158 160 162 163 164 166 167 168 169 170 171
132:1 3 4 6 7 8 9 11 13 15 16 17 18 20 21 22 23 24 26 28 29 31 34 35 37 38 39 40 41 45 46 47 49 50 52 54 55 56 57 58 59 61 63 64 66 67 68 70 73 74 76 78 79 80 81 82 84 85 86 87 89 90 93 98 99 100 103 104 105 106 107 108 109 110 113 116 117 118 119 120 123 126 127 129 130 131 136 137 138 139 140 141 142 143 145 147 148 150 152 154 156 159 160 161 162 164 165 167 168 169 170 171
133:1 3 4 6 7 8 9 11 12 15 16 17 18 20 21 22 23 24 25 28 29 30 34 35 36 38 39 40 41 44 46 47 48 50 51 54 55 56 57 58 59 60 62 64 66 67 68 70 73 74 76 78 79 80 81 82 84 85 86 87 88 90 93 98 99 100 102 104 105 106 107 108 109 110 112 116 117 118 119 120 122 126 127 128 130 131 135 137 138 139 140 141 142 143 145 147 148 150 152 154 156 159 160 161 162 164 165 166 168 169 170 171
134:1 3 4 6 7 8 9 11 15 16 17 18 19 20 22 23 24 28 29 30 31 33 34 35 38 39 40 41 42 46 47 48 49 50 51 52 53 54 55 56 57 58 59 64 66 67 68 70 71 73 74 75 76 78 79 80 81 83 84 85 86 87 90 94 95 97 98 99 100 101 104 105 106 107 108 109 110 111 114 115 117 120 122 123 124 126 127 128 129 130 131 137 142 143 144 145 148 149 150 151 152 153 155 156 157 160 161 162 163 164 165 168
135:1 3 4 6 7 8 9 11 13 16 17 18 19 20 21 23 26 28 29 30 31 33 34 35 37 39 40 41 42 45 47 48 49 50 51 52 53 54 55 56 57 59 61 63 66 67 68 70 72 73 74 76 77 78 79 80 81 83 84 86 87 89 90 94 96 97 98 99 102 103 104 105 106 107 108 109 112 113 114 115 117 119 121 123 125 126 127 129 130 131 133 141 142 143 145 146 148 149 150 151 153 154 155 158 159 160 161 164 165 166 167 170
136:1 3 4 6 7 8 9 11 12 16 17 18 19 20 21 22 25 28 29 30 31 33 34 35 36 38 40 41 42 44 47 48 49 50 51 52 53 54 55 56 57 58 60 62 66 67 68 70 72 73 74 76 77 78 79 80 81 83 84 86 87 88 90 94 96 97 98 99 102 103 104 105 106 107 108 109 112 113 114 115 117 118 121 122 125 126 127 128 130 131 132 140 142 143 145 146 148 149 150 151 153 154 155 158 159 160 161 164 165 166 167 169
137:1 2 5 6 7 8 9 12 13 14 15 16 19 21 25 26 27 28 29 30 31 32 36 37 38 39 40 41 42 43 44 45 46 50 51 52 53 56 57 58 59 60 61 65 66 67 69 70 71 72 74 75 77 78 79 80 81 82 85 88 89 90 91 94 95 96 98 99 100 101 102 103 108 109 110 111 112 113 114 115 116 118 119 121 124 128 129 130 131 132 133 134 142 143 144 146 148 149 150 151 152 153 154 156 157 160 161 162 163 166 167 171
138:1 3 4 6 7 8 9 11 14 16 17 18 19 21 22 23 27 28 29 30 31 33 34 35 36 37 40 41 42 43 47 48 49 50 51 52 53 54 55 56 57 60 61 65 66 67 68 70 71 73 74 75 76 78 79 80 81 83 84 86 87 90 91 94 95 97 98 99 100 101 104 105 106 107 108 109 110 111 114 115 116 121 122 123 124 126 127 130 131 132 133 139 142 143 144 145 148 149 150 151 152 153 155 156 157 160 161 162 163 164 165 171
139:1 2 5 6 7 8 9 11 12 13 14 15 19 20 24 25 26 28 29 30 31 32 34 35 36 37 38 39 43 44 45 46 47 50 51 52 53 54 55 58 59 60 61 64 66 67 69 70 71 72 74 75 77 78 79 80 81 82 84 85 88 89 91 94 95 96 98 99 100 101 102 103 108 109 110 111 112 113 114 115 117 118 119 120 124 126 127 128 129 132 133 138 142 143 144 146 148 149 150 151 152 153 154 156 157 160 161 162 163 166 167 168
140:1 2 5 6 7 8 9 12 13 14 15 18 19 23 24 26 27 28 29 30 31 32 35 36 37 38 39 41 43 44 45 46 49 50 51 52 53 55 57 58 59 60 61 63 66 67 69 71 72 73 75 76 77 78 79 80 81 82 85 87 88 89 91 95 96 97 100 101 102 103 104 105 106 107 110 111 112 113 114 115 116 119 120 123 125 127 128 129 131 132 133 136 142 144 145 146 148 149 150 151 152 154 155 158 159 162 163 164 165 166 167 170
141:1 2 5 6 7 8 9 12 13 14 15 17 19 22 24 25 27 28 29 30 31 32 34 36 37 38 39 40 43 44 45 46 48 50 51 52 53 54 56 58 59 60 61 62 66 67 69 71 72 73 75 76 77 78 79 80 81 82 85 86 88 89 91 95 96 97 100 101 102 103 104 105 106 107 110 111 112 113 114 115 116 118 120 122 125 126 128 129 130 132 133 135 142 144 145 146 148 149 150 151 152 154 155 158 159 162 163 164 165 166 167 169
142:1 2 3 4 5 6 7 8 9 10 11 12 13 14 15 16 17 18 19 20 21 22 23 24 25 26 27 32 33 42 43 44 45 46 47 48 49 50 51 52 53 62 63 64 65 68 69 70 71 72 73 74 75 76 77 82 83 84 85 86 87 88 89 90 91 92 93 94 95 96 97 114 115 116 117 118 119 120 121 122 123 124 125 126 127 128 129 130 131 132 133 134 135 136 137 138 139 140 141 143 144 145 146 147 152 153 154 155 156 157 158 159 160 161 162 163 164 165 166 167 168 169 170 171
143:1 2 3 4 5 6 7 8 9 10 11 12 13 14 15 16 19 20 21 24 25 26 27 28 29 30 31 32 33 36 37 38 39 42 43 46 47 50 53 58 59 60 61 64 65 67 69 71 72 73 75 76 77 78 79 80 81 82 83 84 85 88 89 90 91 92 93 96 97 100 101 102 103 104 105 106 107 110 111 112 113 115 116 117 120 121 122 123 125 128 129 132 133 134 135 136 137 138 139 142 144 145 146 147 148 149 150 151 153 154 155 157 158 159 162 163 164 165 166 167 168 169 170 171
144:1 2 3 4 5 6 7 8 9 10 11 14 15 16 17 18 19 20 21 22 23 24 27 28 29 30 31 32 33 34 35 40 41 42 43 46 47 50 53 54 55 56 57 64 65 67 68 70 72 73 74 76 77 78 79 80 81 82 83 84 85 86 87 90 91 92 93 96 97 98 99 102 103 104 105 106 107 108 109 112 113 115 116 117 118 119 120 121 125 126 127 130 131 134 137 138 139 140 141 142 143 145 146 147 148 149 150 151 152 154 155 156 158 159 160 161 164 165 166 167 168 169 170 171
145:1 2 3 4 5 6 7 8 9 10 12 13 14 15 17 18 19 22 23 24 25 26 27 28 29 30 31 32 33 36 37 38 39 44 45 48 49 51 52 58 59 60 61 62 63 66 69 70 71 72 74 75 77 78 79 80 81 82 83 85 86 87 88 89 91 92 93 94 95 98 99 100 101 102 103 108 109 110 111 112 113 114 117 118 119 121 122 123 124 128 129 132 133 134 135 136 138 140 141 142 143 144 146 147 148 149 150 151 152 153 155 156 157 158 160 161 162 163 166 167 168 169 170 171
146:1 2 3 4 5 6 7 8 9 10 11 12 13 16 17 18 19 20 21 22 23 25 26 28 29 30 31 32 33 34 35 40 41 44 45 48 49 51 52 54 55 56 57 62 63 66 68 70 71 73 74 75 76 78 79 80 81 82 83 84 86 87 88 89 90 92 93 94 95 98 99 100 101 104 105 106 107 108 109 110 111 114 116 118 119 120 122 123 124 126 127 130 131 135 136 137 139 140 141 142 143 144 145 147 148 149 150 151 152 153 154 156 157 159 160 161 162 163 164 165 168 169 170 171
147:1 2 3 4 5 6 7 8 9 11 12 13 14 15 16 17 18 20 21 22 23 24 25 26 27 28 29 30 31 34 35 36 37 38 39 40 41 54 55 56 57 58 59 60 61 66 67 70 71 72 73 74 75 76 77 78 79 80 81 84 85 86 87 88 89 90 91 94 95 96 97 98 99 100 101 102 103 104 105 106 107 108 109 110 111 112 113 114 115 124 125 126 127 128 129 130 131 132 133 142 143 144 145 146 148 149 150 151 152 153 154 155 156 157 158 159 160 161 162 163 164 165 166 167
148:1 2 3 4 5 6 7 8 9 10 11 12 13 14 15 16 17 18 19 20 21 22 23 24 25 26 27 32 33 42 43 44 45 46 47 48 49 50 51 52 53 54 55 56 57 62 63 64 65 66 67 68 69 71 72 74 75 76 77 82 83 84 85 86 87 88 89 90 91 92 93 94 95 96 97 106 107 108 109 114 115 116 117 118 119 120 121 122 123 124 125 128 129 132 133 134 135 136 137 138 139 140 141 143 144 145 146 147 152 153 154 155 156 157 158 159 162 163 166 167 168 169 170 171
149:1 2 3 4 5 6 7 8 9 10 11 12 13 14 15 16 17 18 19 20 21 22 23 24 25 26 27 32 33 42 43 44 45 46 47 48 49 50 51 52 53 58 59 60 61 62 63 64 65 66 67 68 69 70 73 74 75 76 77 82 83 84 85 86 87 88 89 90 91 92 93 94 95 96 97 110 111 112 113 114 115 116 117 118 119 120 121 122 123 124 125 126 127 130 131 134 135 136 137 138 139 140 141 143 144 145 146 147 152 153 154 155 156 157 158 159 160 161 164 165 168 169 170 171
150:1 2 3 4 5 6 7 8 9 10 11 12 13 14 15 16 17 18 19 20 21 22 23 24 25 26 27 32 33 34 35 40 41 42 43 44 45 46 47 48 49 50 51 52 53 62 63 64 65 66 67 68 69 70 71 72 73 75 77 82 83 84 85 86 87 88 89 90 91 92 93 94 95 96 97 98 99 104 105 114 115 116 117 118 119 120 121 122 123 124 125 128 129 132 133 134 135 136 137 138 139 140 141 143 144 145 146 147 152 153 154 155 156 157 158 159 162 163 166 167 168 169 170 171
151:1 2 3 4 5 6 7 8 9 10 11 12 13 14 15 16 17 18 19 20 21 22 23 24 25 26 27 32 33 36 37 38 39 42 43 44 45 46 47 48 49 50 51 52 53 62 63 64 65 66 67 68 69 70 71 72 73 74 76 82 83 84 85 86 87 88 89 90 91 92 93 94 95 96 97 100 101 102 103 114 115 116 117 118 119 120 121 122 123 124 125 126 127 130 131 134 135 136 137 138 139 140 141 143 144 145 146 147 152 153 154 155 156 157 158 159 160 161 164 165 168 169 170 171
152:1 2 3 4 5 6 7 8 9 10 11 12 13 14 15 16 19 20 21 24 25 26 27 28 29 30 31 32 33 36 37 38 39 42 43 46 47 48 49 50 53 58 59 60 61 62 63 64 65 66 67 68 69 72 73 75 76 77 78 79 80 81 83 84 85 88 89 90 91 92 93 94 96 97 100 101 102 103 104 105 106 107 110 111 112 113 115 116 117 120 121 124 125 128 129 132 133 134 137 138 139 140 141 142 144 145 146 147 148 149 150 151 154 155 158 159 162 163 164 165 166 167 168 171
153:1 2 3 4 5 6 7 8 9 10 11 14 15 16 17 18 19 20 21 22 23 24 27 28 29 30 31 32 33 34 35 40 41 42 43 44 45 46 47 50 53 54 55 56 57 62 63 64 65 66 67 68 69 72 73 74 76 77 78 79 80 81 82 84 85 86 87 90 91 92 93 95 96 97 98 99 102 103 104 105 106 107 108 109 112 113 115 116 117 120 121 124 125 126 127 130 131 134 135 136 137 138 139 142 143 145 146 147 148 149 150 151 154 155 158 159 160 161 164 165 166 167 168 171
154:1 2 3 4 5 6 7 8 9 10 12 13 14 15 17 18 19 22 23 24 25 26 27 28 29 30 31 32 33 36 37 38 39 42 44 45 47 48 49 51 52 58 59 60 61 62 63 64 65 66 67 68 69 70 71 74 75 77 78 79 80 81 83 85 86 87 88 89 91 92 93 94 95 97 98 99 100 101 102 103 108 109 110 111 112 113 114 118 119 122 123 124 125 128 129 132 133 135 136 137 139 140 141 142 143 144 146 147 148 149 150 151 152 153 156 157 160 161 162 163 166 167 169 170
155:1 2 3 4 5 6 7 8 9 10 11 12 13 16 17 18 19 20 21 22 23 25 26 28 29 30 31 32 33 34 35 40 41 43 44 45 46 48 49 51 52 54 55 56 57 62 63 64 65 66 67 68 69 70 71 74 75 76 78 79 80 81 82 84 86 87 88 89 90 92 93 94 95 96 98 99 100 101 104 105 106 107 108 109 110 111 114 118 119 122 123 124 125 126 127 130 131 134 135 136 138 140 141 142 143 144 145 147 148 149 150 151 152 153 156 157 160 161 162 163 164 165 169 170
156:1 2 3 4 5 6 7 8 9 10 11 12 13 14 15 16 19 20 21 24 25 26 27 28 29 30 31 32 33 36 37 38 39 42 43 44 45 46 47 50 51 52 53 58 59 60 61 64 65 66 67 68 69 71 72 73 76 77 78 79 80 81 82 83 84 85 88 89 90 91 92 95 96 97 100 101 102 103 104 105 106 107 110 111 112 113 114 115 116 117 118 119 120 121 125 128 129 132 133 134 137 138 139 142 144 145 146 147 148 149 150 151 154 155 158 159 162 163 164 165 166 167 168 171
157:1 2 3 4 5 6 7 8 9 10 11 14 15 16 17 18 19 20 21 22 23 24 27 28 29 30 31 32 33 34 35 40 41 42 43 46 47 48 49 50 51 52 53 54 55 56 57 64 65 66 67 68 69 70 72 73 76 77 78 79 80 81 82 83 84 85 86 87 90 91 93 94 96 97 98 99 102 103 104 105 106 107 108 109 112 113 114 115 116 117 120 121 122 123 125 126 127 130 131 134 137 138 139 142 143 145 146 147 148 149 150 151 154 155 158 159 160 161 164 165 166 167 168 171
158:1 2 3 4 5 6 7 8 9 10 11 12 13 16 17 18 19 20 21 22 23 25 26 28 29 30 31 32 33 34 35 40 41 42 44 45 47 48 49 50 51 52 53 54 55 56 57 62 63 66 67 68 69 70 71 73 74 75 78 79 80 81 82 83 84 86 87 88 89 90 93 94 95 97 98 99 100 101 104 105 106 107 108 109 110 111 114 115 117 118 119 121 122 123 124 126 127 130 131 135 136 140 141 142 143 144 145 147 148 149 150 151 152 153 156 157 160 161 162 163 164 165 169 170
159:1 2 3 4 5 6 7 8 9 10 12 13 14 15 17 18 19 22 23 24 25 26 27 28 29 30 31 32 33 36 37 38 39 43 44 45 46 48 49 50 51 52 53 58 59 60 61 62 63 66 67 68 69 70 71 72 74 75 78 79 80 81 82 83 85 86 87 88 89 91 92 94 95 96 98 99 100 101 102 103 108 109 110 111 112 113 114 115 116 118 119 120 122 123 124 128 129 132 133 135 136 140 141 142 143 144 146 147 148 149 150 151 152 153 156 157 160 161 162 163 166 167 169 170
160:1 2 3 4 5 6 7 8 9 10 11 12 13 14 15 16 19 20 21 24 25 26 27 28 29 30 31 32 33 36 37 38 39 40 41 42 43 46 47 50 53 56 57 58 59 60 61 64 65 66 67 68 69 71 72 73 75 76 77 79 80 81 82 83 85 88 89 90 91 92 93 96 97 99 100 101 102 103 109 110 111 112 113 115 116 117 120 121 122 123 125 128 129 130 131 132 133 134 135 136 137 138 139 142 144 145 146 147 149 151 153 154 155 157 158 159 162 163 166 167 168 169 170 171
161:1 2 3 4 5 6 7 8 9 10 11 12 13 14 15 16 19 20 21 24 25 26 27 28 29 30 31 32 33 34 35 36 37 38 39 42 43 46 47 50 53 54 55 58 59 60 61 64 65 66 67 68 69 71 72 73 75 76 77 78 80 81 82 83 84 85 88 89 91 92 93 96 97 98 100 101 102 103 108 110 111 112 113 115 116 117 120 121 122 123 125 126 127 128 129 132 133 134 135 136 137 138 139 142 144 145 146 147 149 151 153 154 155 157 158 159 162 163 166 167 168 169 170 171
162:1 2 3 4 5 6 7 8 9 10 11 14 15 16 17 18 19 20 21 22 23 24 27 28 29 30 31 32 33 34 35 36 37 40 41 42 43 46 47 50 53 54 55 56 57 60 61 64 65 66 67 68 69 70 72 73 74 76 77 79 80 81 82 83 84 86 87 90 91 92 93 96 97 98 99 101 104 105 106 107 108 109 111 115 116 117 118 119 120 121 125 126 127 130 131 132 133 134 137 138 139 140 141 142 143 145 146 147 148 150 152 154 155 156 158 159 160 161 164 165 168 169 170 171
163:1 2 3 4 5 6 7 8 9 10 11 14 15 16 17 18 19 20 21 22 23 24 27 28 29 30 31 32 33 34 35 38 39 40 41 42 43 46 47 50 53 54 55 56 57 58 59 64 65 66 67 68 69 70 72 73 74 76 77 78 80 81 82 83 84 85 86 87 90 92 93 96 97 98 99 100 104 105 106 107 108 109 110 115 116 117 118 119 120 121 125 126 127 128 129 130 131 134 137 138 139 140 141 142 143 145 146 147 148 150 152 154 155 156 158 159 160 161 164 165 168 169 170 171
164:1 2 3 4 5 6 7 8 9 10 12 13 14 15 17 18 19 22 23 24 25 26 27 28 29 30 31 32 33 35 36 37 38 39 41 44 45 48 49 51 52 55 57 58 59 60 61 62 63 66 67 68 69 70 71 72 74 75 77 78 79 81 82 83 85 87 88 89 91 92 93 94 95 100 101 102 103 105 107 110 111 112 113 114 117 118 119 121 122 123 124 127 128 129 131 132 133 134 135 136 138 140 141 142 143 144 146 147 149 151 152 153 155 156 157 158 162 163 166 167 168 169 170 171
165:1 2 3 4 5 6 7 8 9 10 12 13 14 15 17 18 19 22 23 24 25 26 27 28 29 30 31 32 33 34 36 37 38 39 40 44 45 48 49 51 52 54 56 58 59 60 61 62 63 66 67 68 69 70 71 72 74 75 77 78 79 80 82 83 85 86 88 89 91 92 93 94 95 100 101 102 103 104 106 110 111 112 113 114 117 118 119 121 122 123 124 126 128 129 130 132 133 134 135 136 138 140 141 142 143 144 146 147 149 151 152 153 155 156 157 158 162 163 166 167 168 169 170 171
166:1 2 3 4 5 6 7 8 9 10 11 12 13 16 17 18 19 20 21 22 23 25 26 28 29 30 31 32 33 34 35 37 39 40 41 44 45 48 49 51 52 54 55 56 57 59 61 62 63 66 67 68 69 70 71 73 74 75 76 78 79 81 82 83 84 86 87 89 90 92 93 94 95 98 99 103 104 105 106 107 108 109 113 114 116 118 119 120 122 123 124 126 127 129 130 131 133 135 136 137 139 140 141 142 143 144 145 147 148 150 152 153 154 156 157 159 160 161 164 165 168 169 170 171
167:1 2 3 4 5 6 7 8 9 10 11 12 13 16 17 18 19 20 21 22 23 25 26 28 29 30 31 32 33 34 35 36 38 40 41 44 45 48 49 51 52 54 55 56 57 58 60 62 63 66 67 68 69 70 71 73 74 75 76 78 79 80 82 83 84 86 87 88 90 92 93 94 95 98 99 102 104 105 106 107 108 109 112 114 116 118 119 120 122 123 124 126 127 128 130 131 132 135 136 137 139 140 141 142 143 144 145 147 148 150 152 153 154 156 157 159 160 161 164 165 168 169 170 171
168:1 2 3 4 5 6 7 8 9 11 12 13 14 15 16 17 18 20 21 22 23 24 25 26 27 28 29 30 31 34 35 36 37 38 39 40 41 42 43 53 54 55 56 57 58 59 60 61 65 66 67 68 69 70 71 72 73 74 75 76 77 78 79 80 81 86 87 88 89 90 91 94 95 98 99 100 101 102 103 104 105 106 107 108 109 110 111 112 113 114 116 121 124 126 127 128 129 130 131 132 133 134 139 142 143 144 145 146 148 149 150 151 152 153 156 157 160 161 162 163 164 165 166 167
169:1 2 3 4 5 6 7 8 9 11 12 13 14 15 16 17 18 20 21 22 23 24 25 26 27 28 29 30 31 34 35 36 37 38 39 40 41 45 49 52 54 55 56 57 58 59 60 61 63 66 67 68 69 70 71 72 73 74 75 76 77 78 79 80 81 84 85 87 89 90 91 96 97 98 99 100 101 102 103 104 105 106 107 108 109 110 111 112 113 115 119 123 125 126 127 128 129 130 131 132 133 136 141 142 143 144 145 146 148 149 150 151 154 155 158 159 160 161 162 163 164 165 166 167
170:1 2 3 4 5 6 7 8 9 11 12 13 14 15 16 17 18 20 21 22 23 24 25 26 27 28 29 30 31 34 35 36 37 38 39 40 41 44 48 51 54 55 56 57 58 59 60 61 62 66 67 68 69 70 71 72 73 74 75 76 77 78 79 80 81 84 85 86 88 90 91 96 97 98 99 100 101 102 103 104 105 106 107 108 109 110 111 112 113 115 118 122 125 126 127 128 129 130 131 132 133 135 140 142 143 144 145 146 148 149 150 151 154 155 158 159 160 161 162 163 164 165 166 167
171:1 2 3 4 5 6 7 8 9 11 12 13 14 15 16 17 18 20 21 22 23 24 25 26 27 28 29 30 31 34 35 36 37 38 39 40 41 46 47 50 54 55 56 57 58 59 60 61 64 66 67 68 69 70 71 72 73 74 75 76 77 78 79 80 81 84 85 86 87 88 89 94 95 98 99 100 101 102 103 104 105 106 107 108 109 110 111 112 113 114 117 120 124 126 127 128 129 130 131 132 133 137 138 142 143 144 145 146 148 149 150 151 152 153 156 157 160 161 162 163 164 165 166 167