1:2 3 4 5 6 7 8 9 10 11 12 13 14 15 16 17 18 19 20 21
2:1 41 42 45 46 47 48 49 50 51 52 53 54 55 56 57 58 59 60 61
3:1 40 43 44 46 47 48 49 50 51 52 53 54 55 56 57 58 59 60 61
4:1 39 43 44 45 47 48 49 50 51 52 53 54 55 56 57 58 59 60 61
5:1 38 42 44 45 46 48 49 50 51 52 53 54 55 56 57 58 59 60 61
6:1 37 41 43 45 46 47 49 50 51 52 53 54 55 56 57 58 59 60 61
7:1 36 40 42 44 46 47 48 50 51 52 53 54 55 56 57 58 59 60 61
8:1 35 39 41 43 45 47 48 49 51 52 53 54 55 56 57 58 59 60 61
9:1 34 38 40 42 44 46 48 49 50 52 53 54 55 56 57 58 59 60 61
10:1 33 37 39 41 43 45 47 49 50 51 53 54 55 56 57 58 59 60 61
11:1 32 36 38 40 42 44 46 48 50 51 52 54 55 56 57 58 59 60 61
12:1 31 35 37 39 41 43 45 47 49 51 52 53 55 56 57 58 59 60 61
13:1 30 34 36 38 40 42 44 46 48 50 52 53 54 56 57 58 59 60 61
14:1 29 33 35 37 39 41 43 45 47 49 51 53 54 55 57 58 59 60 61
15:1 28 32 34 36 38 40 42 44 46 48 50 52 54 55 56 58 59 60 61
16:1 25 29 31 33 35 37 39 41 43 45 47 49 51 53 55 57 59 60 61
17:1 24 28 30 32 34 36 38 40 42 44 46 48 50 52 54 56 58 60 61
18:1 27 31 33 35 37 39 41 43 45 47 49 51 53 55 56 57 58 59 61
19:1 26 30 32 34 36 38 40 42 44 46 48 50 52 54 56 57 58 59 60
20:1 22 24 26 28 30 32 34 36 38 40 42 44 46 48 50 52 54 56 60
21:1 23 25 27 29 31 33 35 37 39 41 43 45 47 49 51 53 55 57 61
22:20 27 29 31 33 35 37 39 41 43 45 47 49 51 53 55 57 58 59 61
23:21 26 28 30 32 34 36 38 40 42 44 46 48 50 52 54 56 58 59 60
24:17 20 25 27 29 31 33 35 37 39 41 43 45 47 49 51 53 55 57 59
25:16 21 24 26 28 30 32 34 36 38 40 42 44 46 48 50 52 54 56 58
26:19 20 23 25 27 29 31 33 35 37 39 41 43 45 47 49 51 53 55 61
27:18 21 22 24 26 28 30 32 34 36 38 40 42 44 46 48 50 52 54 60
28:15 17 20 23 25 27 29 31 33 35 37 39 41 43 45 47 49 51 53 57
29:14 16 21 22 24 26 28 30 32 34 36 38 40 42 44 46 48 50 52 56
30:13 17 19 20 23 25 27 29 31 33 35 37 39 41 43 45 47 49 51 55
31:12 16 18 21 22 24 26 28 30 32 34 36 38 40 42 44 46 48 50 54
32:11 15 17 19 20 23 25 27 29 31 33 35 37 39 41 43 45 47 49 53
33:10 14 16 18 21 22 24 26 28 30 32 34 36 38 40 42 44 46 48 52
34:9 13 15 17 19 20 23 25 27 29 31 33 35 37 39 41 43 45 47 51
35:8 12 14 16 18 21 22 24 26 28 30 32 34 36 38 40 42 44 46 50
36:7 11 13 15 17 19 20 23 25 27 29 31 33 35 37 39 41 43 45 49
37:6 10 12 14 16 18 21 22 24 26 28 30 32 34 36 38 40 42 44 48
38:5 9 11 13 15 17 19 20 23 25 27 29 31 33 35 37 39 41 43 47
39:4 8 10 12 14 16 18 21 22 24 26 28 30 32 34 36 38 40 42 46
40:3 7 9 11 13 15 17 19 20 23 25 27 29 31 33 35 37 39 41 45
41:2 6 8 10 12 14 16 18 21 22 24 26 28 30 32 34 36 38 40 44
42:2 5 7 9 11 13 15 17 19 20 23 25 27 29 31 33 35 37 39 43
43:3 4 6 8 10 12 14 16 18 21 22 24 26 28 30 32 34 36 38 42
44:3 4 5 7 9 11 13 15 17 19 20 23 25 27 29 31 33 35 37 41
45:2 4 5 6 8 10 12 14 16 18 21 22 24 26 28 30 32 34 36 40
46:2 3 5 6 7 9 11 13 15 17 19 20 23 25 27 29 31 33 35 39
47:2 3 4 6 7 8 10 12 14 16 18 21 22 24 26 28 30 32 34 38
48:2 3 4 5 7 8 9 11 13 15 17 19 20 23 25 27 29 31 33 37
49:2 3 4 5 6 8 9 10 12 14 16 18 21 22 24 26 28 30 32 36
50:2 3 4 5 6 7 9 10 11 13 15 17 19 20 23 25 27 29 31 35
51:2 3 4 5 6 7 8 10 11 12 14 16 18 21 22 24 26 28 30 34
52:2 3 4 5 6 7 8 9 11 12 13 15 17 19 20 23 25 27 29 33
53:2 3 4 5 6 7 8 9 10 12 13 14 16 18 21 22 24 26 28 32
54:2 3 4 5 6 7 8 9 10 11 13 14 15 17 19 20 23 25 27 31
55:2 3 4 5 6 7 8 9 10 11 12 14 15 16 18 21 22 24 26 30
56:2 3 4 5 6 7 8 9 10 11 12 13 15 17 18 19 20 23 25 29
57:2 3 4 5 6 7 8 9 10 11 12 13 14 16 18 19 21 22 24 28
58:2 3 4 5 6 7 8 9 10 11 12 13 14 15 17 18 19 22 23 25
59:2 3 4 5 6 7 8 9 10 11 12 13 14 15 16 18 19 22 23 24
60:2 3 4 5 6 7 8 9 10 11 12 13 14 15 16 17 19 20 23 27
61:2 3 4 5 6 7 8 9 10 11 12 13 14 15 16 17 18 21 22 26